2 421 302 541 420
1 187 107 291 225
1 272 89 375 180
1 251 175 354 266
1 268 199 371 290
1 529 130 636 252
1 553 191 640 296
1 479 215 566 320
1 448 186 535 291
1 410 177 497 282
1 362 156 449 261
1 520 33 607 138
1 479 26 566 131
1 389 15 476 120
1 96 382 183 471
1 14 320 101 409
1 17 76 104 165
1 14 136 115 238
1 37 171 138 273
1 48 5 147 81
1 113 13 212 89
1 126 31 225 107
1 543 335 640 440
1 331 436 424 480
1 179 305 292 411
1 145 241 258 347
1 95 224 208 330
0 132 111 174 157
0 364 63 397 101
1 1 248 102 347
